+init=IGNF:NTFG +to +init=IGNF:RGF93G
 3.300866856 43.4477976569 0.0000	3d18'0.887"E	43d26'52.107"N 0.000
+init=IGNF:LAMBE +to +init=IGNF:LAMB93
 600000.0000 2600545.4523  0.0000	652758.999	7033789.971 0.000
 135638.3592 2418760.4094  0.0000	187192.541	6855925.213 0.000
 998137.3947 2413822.2844  0.0000	1049053.818	6843778.998 0.000
 600000.0000 2200000.0000  0.0000	649399.420	6633524.574 0.000
 311552.5340 1906457.4840  0.0000	358801.173	6342654.241 0.000
 960488.4138 1910172.8812  0.0000	1007069.096	6340907.213 0.000
 600000.0000 1699510.8340  0.0000	645202.713	6133557.670 0.000
1203792.5981 626873.17210  0.0000	1238837.253	5057451.037 0.000
+init=IGNF:LAMBE +to +init=IGNF:GEOPORTALFXX
 600000.0000 2600545.4523  0.0000	179038.289	5610493.989 0.000
 135638.3592 2418760.4094  0.0000	-303730.602	5410114.562 0.000
 998137.3947 2413822.2844  0.0000	592844.563	5410122.894 0.000
 600000.0000 2200000.0000  0.0000	179042.217	5209746.468 0.000
 311552.5340 1906457.4840  0.0000	-96823.643	4909185.999 0.000
 960488.4138 1910172.8812  0.0000	523880.409	4909191.097 0.000
 600000.0000 1699510.8340  0.0000	179046.173	4708817.918 0.000
1203792.5981 626873.17210  0.0000	658259.467	3623786.764 0.000
+init=IGNF:RGF93G +to +init=IGNF:GEOPORTALFXX
2d20'11.4239243" 50d23'59.7718445" 0.0	179040.151	5610495.281 0.000
-3d57'49.4051448" 48d35'59.7121716" 0.0	-303729.365	5410118.352 0.000
7d44'12.1439796" 48d35'59.7832558" 0.0	592842.794	5410120.550 0.000
2d20'11.4951975" 46d47'59.8029841" 0.0	179041.668	5209746.077 0.000
-1d15'48.9240599" 44d05'59.8251878" 0.0	-96825.467	4909184.138 0.000
6d50'12.2276489" 44d06'00.0517019" 0.0	523880.022	4909191.143 0.000
2d20'11.7754730" 42d18'00.0824436" 0.0	179047.634	4708817.010 0.000
9d32'12.6680218" 41d24'00.3542556" 0.0	730783.054	4608637.873 0.000
+init=IGNF:RGF93G +to +init=IGNF:MILLER
2d20'11.4239243" 50d23'59.7718445" 0.0	260098.730	6140682.441 0.000
-3d57'49.4051448" 48d35'59.7121716" 0.0	-441239.699	5880610.004 0.000
7d44'12.1439796" 48d35'59.7832558" 0.0	861246.246	5880612.827 0.000
2d20'11.4951975" 46d47'59.8029841" 0.0	260100.934	5625762.156 0.000
-1d15'48.9240599" 44d05'59.8251878" 0.0	-140662.197	5252490.165 0.000
6d50'12.2276489" 44d06'00.0517019" 0.0	761061.291	5252498.745 0.000
2d20'11.7754730" 42d18'00.0824436" 0.0	260109.601	5009175.714 0.000
9d32'12.6680218" 41d24'00.3542556" 0.0	1061637.534	4889066.592 0.000
+init=IGNF:RGR92 +to +init=IGNF:REUN47
3356123.5400 1303218.3090 5247430.6050	3353420.949	1304075.021 5248935.144
